4
15
16
23
31
35
37
38
42
47
52
62
63
65
68
76
81
84
89
101
108
111
112
114
115
116
119
123
124
125
126
129
132
133
136
138
139
141
142
146
148
149
151
152
157
159
162
163
164
166
167
168
170
174
183
184
185
187
198
199
200
201
204
213
217
219
220
222
225
226
229
230
238
239
245
250
253
254
256
265
274
275
277
280
285
286
290
296
298
299
300
302
308
309
312
314
316
317
318
322
327
329
334
337
341
346
347
353
356
383
389
390
394
397
403
404
405
407
408
411
419
421
422
430
432
434
436
447
448
452
454
455
456
458
459
466
470
473
477
481
483
484
488
492
512
513
514
515
519
524
533
535
536
540
541
546
548
553
558
561
565
568
569
572
574
576
578
580
583
586
587
588
589
590
592
595
596
597
599
600
602
603
604
606
607
616
620
621
624
630
631
632
633
634
635
637
644
645
650
653
662
665
667
668
672
675
676
678
679
684
686
691
694
698
701
702
705
713
717
719
723
724
727
730
731
735
736
741
742
743
744
754
758
761
763
764
768
770
771
774
778
779
781
782
789
791
792
802
803
805
807
811
812
824
826
827
829
831
837
850
851
858
863
871
877
882
883
884
887
892
893
901
902
905
906
912
913
915
919
922
926
927
928
931
933
935
936
937
938
939
945
946
947
948
949
950
953
954
957
958
965
966
968
971
972
975
976
978
982
984
985
991
998
1006
1007
1016
1018
1019
1020
1022
1024
1035
1037
1040
1047
1048
1052
1053
1054
1055
1065
1066
1067
1069
1075
1076
1078
1079
1081
1086
1088
1091
1102
1105
1108
1116
1122
1128
1129
1131
1135
1139
1147
1148
1149
1153
1157
1161
1168
1169
1173
1174
1180
1183
1184
1190
1191
1193
1194
1196
1198
1211
1215
1220
1221
1222
1223
1233
1238
1239
1240
1241
1244
1246
1247
1249
1253
1256
1258
1262
1264
1270
1278
1280
1285
1289
1290
1297
1298
1300
1301
1302
1304
1308
1311
1313
1315
1320
1321
1325
1330
1332
1333
1334
1336
1341
1344
1350
1352
1354
1356
1357
1361
1374
1376
1378
1382
1386
1387
1389
1390
1392
1396
1397
1403
1405
1413
1424
1427
1429
1431
1435
1439
1442
1446
1448
1450
1454
1456
1458
1459
1460
1464
1467
1478
1479
1480
1483
1484
1485
1487
1490
1491
1492
1493
1497
1499
1502
1505
1506
1511
1516
1517
1519
1522
1523
1527
1535
1536
1537
1538
1540
1543
1548
1551
1553
1555
1557
1562
1563
1569
1572
1575
1578
1581
1585
1587
1589
1599
1600
1604
1610
1612
1613
1615
1621
1622
1625
1627
1635
1636
1640
1641
1642
1645
1646
1650
1651
1658
1660
1662
1663
1670
1677
1679
1682
1683
1694
1695
1698
1699
1700
1702
1703
1704
1713
1715
1717
1723
1737
1741
1743
1744
1747
1749
1752
1762
1769
1770
1781
1790
1793
1795
1796
1797
1798
1800
1802
1804
1814
1815
1825
1828
1830
1831
1832
1833
1836
1838
1839
1841
1844
1845
1855
1858
1862
1863
1864
1865
1866
1869
1870
1873
1874
1880
1887
1890
1893
1896
1900
1901
1911
1916
1919
1929
1930
1936
1939
1940
1941
1942
1944
1949
1950
1960
1965
1968
1977
1980
1983
1994
1995
1997
